20020409
20020606
20000210
20030512
20030313
20021005
20020925
20010512
20000529
19980928
20010707
20010118
20011208
20010405
20020404
20000820
20020819
20020302
20010512
20020222
20010220
20020726
20001123
20020210
20020402
20000402
20001003
20021108
20000925
20020815
20010222
20010603
20030420
20010115
20020208
20010923
20020120
20020809
20020629
20020219
20020919
20010601
20031003
20021202
20011129
20020727
20021220
20021105
20000928
20011101
20021113
20000426
20011114
20010618
20010416
20011230
20021025
20020109
20020705
20010421
20020418
20000503
20010319
20010628
20011205
20010310
20020808
20020102
20000704
20020101
20020623
20020704
20020211
20020117
20010311
20011006
20021001
20010721
20020602
20011221
20020410
20020402
20000118
20021025
20020416
20010209
20011124
20020209
20020325
20000618
20020919
20021011
20021216
20010909
20010724
20010709
20021011
20020219
20020126
20020315
20020728
20020909
20021205
20020214
19990128
20020731
20020325
20020324
20020507
20020310
20010721
20010807
20000720
20000929
20021024
20021105
20020107
20020308
20000828
20011009
20020828
20021013
20020202
20000728
20020213
20021009
20010521
20020809
20011228
20020210
20020706
20020625
20010812
20020503
20020322
20020415
20020908
20020312
20021120
20011107
20010419
20020121
20011220
20010225
20020312
20011104
20020307
20010904
20011020
20020616
20020318
20020708
20010529
20020807
20020116
20010901
20010602
20020817
20001130
19991116
20010711
20010903
20020918
20000605
20010211
20031223
20010602
20000914
20021208
20000815
20021101
20010915
20001005
20020729
20021007
20010721
20020329
20021024
20020828
20011007
20020218
20021118
20010913
20010929
20010914
20010923
20010925
20011120
20000930
20020613
20020127
20020717
20020210
20010526
20020910
20020323
20030826
20021222
20020721
20020318
20020716
20020921
20010311
20030209
20020812
20020523
20020114
20011125
20020703
20031017
20010912
20000802
20001104
20011123
20010719
20021119
20020419
20010228
20020305
20010408
20010218
20010122
20010927
20010728
20010425
20000228
20010311
20001120
20010323
20010611
20020212
20020121
20020216
20010902
20030729
20011116
20020626
20020510
20010322
20020216
20011222
20000901
20010421
20010619
20010828
20010827
20020312
20011118
20011018
20010822
20020410
20000420
20010720
20020818
20011101
20001024
20010514
20020712
20021120
20010525
20010425
20020607
19990918
20020919
20011124
20010521
19970622
20010306
20020605
20020401
20021004
20010228
20020403
19991215
20020923
20020403
20020724
20020226
20020121
20020116
20011202
20010501
20020721
20020929
20020412
20020108
20020701
20001006
20011027
20010909
20000925
20010512
20020326
20021110
20010829
20021028
20020818
20010814
20020725
20030108
20010318
20030509
20020301
20020908
20020927
20020923
20011205
20020722
20021103
20010120
20010522
20011106
20010622
20020608
20020102
20011219
20021116
20010810
20020515
19990708
20020424
20040610
20010414
20011127
20010310
20020309
20020705
20020203
20021221
20011110
20020118
20010925
20001015
20010912
20011101
20020114
20020824
20010718
20020604
20020629
20020903
20020123
20020530
20030913
20011220
20020102
20001115
20021014
20021023
20010705
20021209
20020512
20010727
20021208
20011206
20020717
20010209
20021116
20011028
20010228
20021004
20011002
20020909
20001227
20020428
20020423
20011028
20001110
20020205
20010516
20020201
20010102
20001009
20021001
19990722
20020411
20021218
20021022
20000426
20020512
20010114
20020123
20020905
20021018
20011208
20030120
20010420
20010823
20011225
20000925
20010331
20020825
20021128
20021023
20020527
20020627
20000213
20001109
20020125
20011016
20030201
20011206
19990604
20020219
20020320
20020202
19990412
20020309
20011128
20020308
20001019
20020507
20020208
20021228
20020218
20021111
20020117
20010804
20011009
20010228
20010407
20020318
20030103
20020612
20011128
20010518
20020124
20020608
20010111
20020511
20010319
20020908
20000910
20020111
20020217
20020126
20010720
20021105
20020703
20021128
20020302
20020915
20000618
20000610
20030717
20010606
20020201
20020203
20011226
20030313
20020510
20010921
20021019
20010605
20010126
20011201
20020313
20010118
20020210
20010609
20030508
20020718
20020305
20010711
20020313
20020709
20021029
20011012
20020210
20010828
20020605
20010702
20010703
20020512
20020621
20020327
20020308
20020609
20020322
20021220
20000926
20010423
20021107
20020130
20020330
20010930
20021227
20030107
20020215
20020706
20010408
20001006
20010709
20020111
20010103
20030520
20020203
20030228
20000625
20020221
20020617
20001111
20010516
20010906
20020617
20000509
20011006
20010708
20020910
20000626
20020912
20020218
20020222
20020719
20020719
20010710
20020411
20020605
20020803
20010627
20020423
20020205
20010114
20011203
20020322
20020412
20010805
20010511
19991219
20011122
20031003
20010127
20020301
20020607
20010903
20030813
20010107
20010921
20011115
20001122
20020223
20010623
20001208
20020908
20010519
20000214
20020301
20000406
20030716
20020424
20020725
20010923
20020713
20020806
20010616
20020712
20011212
20010628
20020114
20020505
20020411
20010224
20010407
20021120
20010531
20020117
20010504
20000520
20011007
20010528
20030723
20020925
20020220
20011128
20020804
20020216
20010616
20010823
20010215
20010104
20020929
20020224
20011025
20020805
20010525
20010606
20011217
20021122
20011007
20011105
20010518
20030204
20010108
20020205
20020303
20011220
20020813
20021221
20020320
20010914
20020601
20010410
20020525
20020108
20020511
20011126
20010909
20020114
20020629
20020629
20020127
20020624
20020702
20020822
20001115
20010624
20020204
20010428
20020122
20020429
20010823
20011026
20000627
20020624
20010113
20021005
20021018
20020108
20010704
20011018
20010813
20020613
20020427
20010203
20020908
20020406
20020606
20020603
20020109
20020709
20020812
20010613
20010803
20020415
20010314
20011120
20010724
20010705
20010903
20000528
20020212
20021113
20030110
20021028
20020825
20020815
20010329
20010518
19991029
20010205
20011011
20011130
20020506
20010415
20010908
20020809
20020725
20010312
20010704
20020823
20020105
20011015
20011124
20021102
20010419
20000130
20010904
20000108
20011211
20021101
20020314
20020210
20020529
20010914
20010707
20021004
20020518
20020126
20020307
20020413
20011031
20020624
20020909
20010420
20020607
20000225
20011118
20010824
20010201
20020814
20020311
20020509
20020111
20010217
20010205
20011217
20010625
20020616
19980207
20010404
20021215
20010506
20020108
20010613
20010318
20010423
20020827
20020926
20010824
20011203
20030312
20010106
20020812
20020920
20020518
20010822
20020623
20020303
20010806
20010415
20011103
20020309
20010107
20010815
20000712
20020415
20020810
20021026
20020802
20010815
20020306
20030223
20011024
20020307
20020730
20020126
20010401
20020408
20010204
20020916
20021021
20020324
20010811
20020822
20020820
20020307
20020605
20020607
20020831
20020903
20020730
19991208
20020302
20001019
20021128
20010910
20010828
20011126
20030110
20001129
20030114
20020417
20020609
20010905
20020121
20001010
20021102
20020625
20020610
20000717
20011120
20020818
20020420
20010626
20020103
20011129
20021220
20020624
20010613
20021119
20010322
20001024
20010306
20011028
20021112
20001129
20010205
20010907
20020408
20010306
20010201
20020621
20030102
20011109
20021220
20020530
20020423
20010818
20020715
20010426
20010812
20010413
20021104
20010810
20000712
20010811
20010712
20020905
20020826
20020222
20010203
20020827
20020701
20010712
20010714
20020707
20030426
20020803
20011009
20000803
20020716
20011114
20010907
20010924
20001229
20010714
20021211
20020112
20001110
20020907
20020219
20010102
20011125
20011203
20020306
20020915
20011103
20001117
20020109
20000614
20020104
20010228
20021010
20010826
20020703
20020629
20010903
20020422
20001223
20010310
19991026
20001212
20020317
20030612
20010131
20010115
20010802
20020724
20020514
20020702
20011203
20010312
20020815
20011213
20020228
20020224
20010719
20010314
20020129
20020619
19991019
20011017
20020805
20011120
20000714
20020926
20020513
20011114
20011023
20010427
20020109
20010802
20010506
20001023
20021028
20021108
20011203
20010507
20020403
20010618
20030216
20021110
20021108
20020509
20001017
20021025
20021122
20020106
20020507
20020515
20020117
20020929
20011028
20001203
20011105
20011124
20021010
20020909
20000322
20010912
20011101
20021009
20001001
20010109
20000429
20020419
20020605
20010110
20011207
20010712
20011225
20020106
20010606
20010413
20020115
20011023
20001017
20010623
20020726
20011008
20000504
20001031
20010710
20010309
20020304
20020225
20020410
20020729
20020714
20001221
20020611
20010307
20010418
20020104
20010816
20011112
20010129
20010808
20021217
20020305
20020204
20010520
20020204
20001114
20010428
20030222
20010812
20020226
20020212
20010908
20020910
20011001
20010406
20020716
20010528
20020312
20010120
20020513
19990817
20020517
20011211
20020529
20010703
20030308
20020426
20010328
20011009
20010826
20010627
20001222
20020107
20020404
20011004
20010618
20000810
20010822
20011030
20010802
20020419
20020301
20021211
20011019
20021009
20020320
20010907
20011214
20020802
20010902
20010208
20010223
20001106
20010911
20020615
20020111
20020226
20000420
20011221
20020629
20000427
20000920
20010808
20020829
20020212
20020705
20020307
20020718
20020511
20020512
20030112
20020129
20020611
20011115
20020202
20011014
20020518
20020725
20011222
20001013
20021115
20021020
20020729
20021022
20020324
20011118
20020119
20020811
20020724
20020904
20020611
20020430
20020108
20010315
20010807
20020914
20020124
20011112
20020629
20020429
20021026
20020411
20001107
20020323
20010308
20020716
20000818
20001120
20020630
20020518
20020309
20020814
20010702
20020128
20011014
20000907
20011210
20020609
20010925
20011212
20020919
20020205
20020516
20030126
20021106
20020901
20010118
19991116
20020513
20020908
20010318
20010324
20020130
20021231
20001222
20021002
20020807
20030303
20020602
20011225
20020513
20010814
20000125
20020318
20011220
20010928
20030121
20011104
20011108
20020823
20020214
20020731
20020920
20020716
20020605
20020722
20011113
20021126
20020303
20010328
20030620
20010813
20000324
20030406
20020128
20020109
20020318
20020320
20010626
20010726
20001123
20011014
20020715
20021027
20020423
20020307
20021125
20020313
20011201
20020810
20011008
20001215
20020128
20011216
20020503
20021125
20010729
20010416
19991014
20020118
20011011
20010225
20011127
20011122
20020611
20010925
20010710
20020618
20011005
20020801
20030122
20010913
20030325
19991209
20010511
20021110
20021031
20011217
20000309
20020720
20000508
20021127
20011019
20010927
20020518
20011204
20010519
20010524
20020209
20010326
20020106
20020209
20021027
20020608
20020106
20010317
20010615
20020117
20020718
20010219
20011011
20011006
20010826
20011008
20010226
20010518
20010908
20020411
20011218
20021104
20020405
20010620
20020116
20020517
20010413
20020324
20020219
20010926
20020927
20020508
20010321
19980807
20020320
20020607
20010527
20010905
20011013
20020523
20010915
20020725
20020203
20020513
20010813
20021122
20000502
20000204
20020721
20010403
20010525
20000405
20010303
20021226
20011023
20010404
20010918
20011001
20021103
20020702
20020410
20011120
20011119
20021212
20010921
20020628
20000403
20020625
20010915
20011012
20010204
20020412
20020508
20021216
20021031
20011013
20011017
20011008
20021128
20010117
20020815
20010220
20020123
20020503
20010928
20000422
20011027
20020805
20020111
20030116
20001012
20030429
20010616
20001026
20020623
20020111
20030919
20010221
20020725
20020129
20020531
20020127
20010722
20000920
20001027
20030130
20020122
20020421
20020420
20020123
20020517
20030707
20020628
20010414
20010406
20011106
20010916
20020506
20010717
20010103
20020317
20020604
20020326
20020225
20020418
20021008
20011209
20021003
20020207
20010903
20000302
19991014
20010419
20020820
20011217
20020701
20020606
20020805
20020905
20021018
20021018
20010301
20011229
20000820
20010531
20020720
20011018
20011227
20010911
20020903
20010719
20010226
20021127
20011102
20030119
20021117
20020220
20020928
20011013
20000506
20010826
20011011
20010210
20011207
20020212
20021210
20001129
20020325
20011112
20020310
20011018
20020926
20010825
20011122
20001213
20020521
20010904
20020521
20010625
20020115
20020120
20011004
20020905
20011108
20021023
20010924
20000926
20020827
20020316
20011207
20010412
20011127
20030130
20020618
20020117
20001204
20010428
20001220
20020303
20011127
20010403
19971209
20020207
20010628
19990915
20020209
20020326
20020608
20010524
20000708
20020518
20010419
20010714
20020507
20020825
20010505
20001130
20020707
20011128
20020928
20010717
20020304
20021205
20020524
20010529
20020701
20020130
20010506
20001025
20001024
20011105
20010612
20010912
20020510
20000316
20011018
20010807
20001005
20021004
20011005
20020822
20001018
20020517
20010719
20020815
20020523
20010726
20021104
20020806
20001108
20020128
20010622
20000709
20021102
20010626
20010525
20010912
20010513
20010313
20011113
20020129
20000809
20020318
20020513
20031108
20001128
20020308
20020424
20020707
20010424
20010626
20011204
20001112
20011224
20020224
20010926
19991201
20010829
20010905
20020220
20011226
20011004
20020925
20010805
20010702
20010228
20001219
20001209
20020318
20020530
20000506
20010403
20020720
20010227
20020802
20010110
20011004
20010629
20000309
20001006
20020801
20011229
20020929
20010816
20020723
20010413
20030124
20020623
20011105
20010314
20010915
20021024
20020228
20000621
20020116
20020401
20020211
20011210
20020811
20020216
20001016
20011027
20020609
20020327
20020926
20010407
20020926
20011228
20001030
20020412
19990212
20030425
19990910
20010724
20020212
20010423
20010120
20020415
20030615
20011011
20020123
20011221
20010115
20010828
20020925
20020824
20020606
20020226
20020801
20011004
19990206
20021105
20030227
20010316
20020901
20000528
20020426
20020918
20020125
20021023
20020101
20010708
20021017
20010719
20020318
20010105
20000612
20001027
20020221
19990602
20010209
20010413
20010207
20020212
20020220
20010226
20021114
20020204
20011101
20011219
20020414
20010301
20011001
20020916
20020203
20020620
20010815
20010715
20010529
20010615
20000817
20010919
20010204
20020905
20020110
20011008
20011116
20010904
19990802
20010729
20021103
20020705
20010918
20010507
20010717
20020318
20010828
20021008
19981120
20010208
20011003
20020919
20010706
20020116
20020227
20010910
20020413
20020710
20020701
20020125
20021216
20020905
20020116
20021202
20011031
20010608
20020205
20020628
20020110
20010211
19991001
20010403
20001121
20020529
20020312
20011030
20030102
20020316
20010913
20000101
20020825
20020704
20000526
20020517
20020228
20010525
20011116
20000920
20021031
20010314
20021115
20011008
20000910
20011103
20011210
20020502
20010602
20011112
20000924
20020719
20020527
20010324
20030505
20020503
20011027
20010721
20020427
20020326
20030215
20010422
20020626
20010422
20020601
20020921
20010703
20010729
20020529
20020525
20020105
20011214
20011117
20021212
19990929
20000205
20010207
20021128
20010918
20021024
20001225
20000409
20011225
20010322
20020628
20001231
20020521
20020905
20010725
20020706
20011108
20010807
20020129
20020318
20020920
20021128
20011012
20011029
20000724
20010618
20010515
19990321
20020601
20020316
20020430
20020516
20020619
20020702
20010703
20010223
20020908
20010711
20011103
20010903
20010826
20010830
20030412
20020119
20020814
20010913
20010216
20020416
20020428
20011006
20010929
20020507
20021009
20011108
20000920
20011214
20020824
20001215
20020815
20000707
20011018
20011114
20011115
20010530
20010212
20020820
20010214
20001012
20020518
20030202
20020110
20011122
20010801
20020612
20020524
20030306
20001016
20020609
20021228
20020128
20010603
20001213
20020301
20020915
20021008
20020604
20020216
20001108
20020616
20020124
20011126
20030116
20020204
20021205
20010702
20020925
20020712
20020314
20021226
20010610
20021225
20020225
20020422
20010429
20020126
20020207
20020324
20020716
20010907
20011028
20010518
20020609
20000327
20010512
20020320
20011015
20010626
20020621
20020728
20011207
20011017
20001218
20000908
20010916
20011108
20010806
20021106
20011103
20020628
20030216
20020430
20020304
20020924
20000322
20011216
20020814
20030917
20020814
20020410
20021020
20020628
20011213
20020705
20010818
20010308
20020611
20020319
20000912
20000317
20011116
20010801
20020422
20010611
20001109
20010913
20011204
20021016
20011222
20020313
20020911
20011003
20010815
20010816
20021203
20010626
20000729
20010723
20020320
20010704
20020917
20021020
20020410
20020330
20020512
19980128
20010428
20021031
20020724
20020124
20011012
20011028
20010829
20010515
20010428
20020918
20020803
20010415
20000707
20010307
20020406
20011106
20020322
20020121
20020108
20020731
20020901
20010903
20020114
20020122
20021129
20020216
20021209
20011008
20030510
20010901
20021221
20011106
20010325
20010415
20020215
20020224
20020316
20011214
20020827
20000527
20010828
20020106
20021016
20010504
20020525
20010418
20010402
20020206
20010528
20010421
20020702
20000704
20030620
20011015
20020515
20010704
19980810
19991119
20030209
20021005
20020503
20021015
20021129
19991127
20020228
20020214
20020824
20020220
20001218
20030308
20010717
20020926
20020309
20021028
20011016
20010216
20020725
20021009
20020120
20020502
20020313
20011204
20000409
20010526
20020404
20011125
20021205
20011124
20000421
20020624
20000228
20010923
20010709
20010810
20030813
20020725
20020227
20010210
20011127
20010428
20020926
20010902
20010813
20011023
20020310
20020922
20020816
20010416
20030103
20020507
20011120
20021208
20020928
20011014
20021210
20000715
20021022
20010210
20010712
20011008
20011027
20020405
20001209
20021004
20010606
20000315
20020501
20020821
20021212
20020813
20020710
20020504
20020605
20011029
20020115
20020411
20010720
20010427
20011102
20021117
20011016
20020530
20020108
20010513
20010528
20000314
20020806
20011204
20011010
20010827
20020114
20020221
20010320
20000318
20030111
20020126
20010903
20020206
20020312
20011227
20020412
20020627
20020511
20020303
20011028
20020809
20011023
20020621
20010919
20021208
20021206
20020603
20011024
20021122
20020203
20010409
20000524
20001129
20020428
20000702
20020111
20020219
20020122
20020710
20030205
20010709
20020619
20010826
20020602
20020105
20010131
20020309
20011016
20010606
20020213
20010624
20010701
20020629
20021008
20020211
20000212
20010311
20000915
20020602
20020205
20001127
20020928
20020511
20020802
20010729
20000511
20020928
20010319
20020606
20010826
20021126
20030129
20011230
20021028
20001009
20030319
20020307
20010616
20010713
20010320
20011027
20010605
20010903
20011229
20020708
20020517
20021105
20011025
20010719
20010227
20020518
20011210
20020929
20010926
20030418
20020301
20021214
19990814
20010120
20010527
20020117
20020428
20020225
20011207
20010519
20020709
20010721
20020703
20010908
20020315
20030120
20020720
20010420
20020218
20010824
20020628
20020109
20011003
20021223
20020131
20020512
20020303
20020913
20000512
20010906
20001120
20000506
20020118
20021105
20030104
20020526
20011031
20011025
20020603
20020604
20020823
20010823
20001103
20020406
20020923
20011004
20011115
20020312
20020617
20020324
20021021
20020705
20020305
20010611
20020206
20010703
20001225
20020610
20011009
20010809
20010112
20020203
20020223
20010101
20011009
20010308
20011023
20011108
20020908
20020618
20030220
20020423
20011218
20030113
20020415
20011119
20030828
20011022
20010809
20010918
20020524
20020802
20010223
20020707
20020618
20021011
20020307
20010927
20020504
20020623
20011210
20010921
20000308
20020618
20010403
20020220
20011103
20030102
20010405
20020701
20021018
20020208
20021209
20030423
20011018
20010209
20010819
20000817
20011204
20010821
20010813
20011128
20010923
20001210
20020526
20020627
20020318
20001006
20021206
20010503
20000220
20011216
20011223
20010218
20001201
20020614
20011018
20020418
20020614
20010329
20010412
20010202
20020525
20020605
20001226
20001127
20020913
19990519
20011130
20020417
20020416
20011107
20021016
20010310
20021015
20010519
20020315
20010424
20010311
20010207
20020712
20011205
20020404
20011106
20020526
20030217
20021017
20020922
20010430
20020610
20021222
20020206
20011122
20020709
20030808
20020219
20020328
20020712
20021021
20020216
19990318
20010614
20010908
20020924
20020502
20020720
20011125
20021110
20001022
20011210
20010811
20020622
20020329
20011221
20010719
20020201
20010901
20010920
20010925
20011023
20020628
20020818
20020402
19991010
20010723
20021112
20010612
20010117
20001109
20011228
20021003
20030209
20011114
20011102
20020206
20020104
20031115
20021002
20020723
20020630
20030608
20010409
20021213
20010430
20021221
20020902
19991201
20010216
20011102
20010913
20010819
20010718
20011113
20020627
20010819
20010907
20010905
20011026
20011204
20010808
20021018
20030112
20011212
20010223
20020417
20000309
20020908
20011127
20010108
20011020
20021001
20020601
20011107
20010317
20020203
20020721
20020927
20020910
20020610
20011128
20000918
20020829
20010928
20020813
20010412
20020906
19990916
20020222
20011030
20030122
20020528
20001118
20011123
20020620
20011225
20020406
20021122
20010722
20030826
20000817
20000109
20010706
20020905
20010616
20001011
20020319
20010612
20030324
20020911
19981106
20010526
20010928
20021124
20011018
20010422
20021012
20010602
20011025
20020726
20030812
20000911
20020819
20020328
20030626
20020719
20010807
20010625
20010329
20020218
20000403
20001223
20020904
20001026
20020203
20030709
20010306
20020427
20020911
19990714
20010807
20010711
20000507
20010413
20001213
20011002
20010701
20010413
20010925
20021029
20010615
20030522
20010826
20010505
20020513
20020913
20020611
20021020
20020526
20011026
20010820
20020117
20021124
20020214
20010909
20020226
20020924
19991230
20020422
20010718
20020306
20011201
20000116
20000308
20010510
20020216
20011109
20020728
20020204
20020319
20010329
20010216
20000103
20011015
20000516
20001022
20010309
20020321
20011210
20010703
20000813
20010821
20030810
20021127
20030602
20010830
20011116
20010416
20020926
20010210
20021014
20020308
20001118
20011027
20010801
20020820
20010217
20010823
20020703
20011107
20001110
20030518
20020111
20020909
20010822
20010624
20020802
20020205
20010215
20010215
20010304
20010526
20020714
20001115
20010128
20020308
20011112
20020901
20020731
20011210
20020323
20001110
20011102
20020418
20010317
20021011
20020519
20020515
20020425
20010818
20000118
20010403
20021208
20001129
19990206
20021014
20011213
20011220
20020830
20020929
20010918
20020714
20010409
20010310
20011030
20021016
20020725
20000821
20010319
20000213
20001114
20000125
20000714
20000711
20010624
20000307
20001113
20011106
20001030
20020212
20020920
20020507
20020724
20020606
20020829
20010421
20020420
20030203
20011022
20020503
20020219
20021219
20020111
20020107
20010618
20020309
20011225
20020511
20020716
20021227
20000318
20021014
20010426
20020311
20020916
20000406
20010512
19990910
20020506
20020417
20020126
20001223
20000615
20010212
20020923
20020502
20010605
20020314
20010430
20020408
20010328
20020810
20020117
20020418
20011029
20010401
20000407
20011014
20010602
20000709
20011003
20010714
20020119
20020726
20030722
20010410
20011103
20021101
20020605
20000728
20020717
20011201
20020403
20011028
20010228
20010503
20020706
20030422
20021024
20020326
20000928
20011002
20020930
20020416
20011030
20010817
20020210
20020218
20020611
20000817
20010828
20020718
20020813
20021123
20030520
20021026
20010618
20020222
20010626
20001215
20030512
20010518
20010319
20010619
20010629
20020630
20000628
20010504
20011101
20000823
20010826
20011016
20020707
20021008
20030114
20020324
20010819
20031223
20010913
20011225
19991009
20020430
20020806
20011213
20020609
20010904
20030220
20011206
20011107
20021216
20031020
20000617
20020521
20010101
20011212
19980610
20020820
20011102
20011101
20020607
20020710
20001204
20020711
20020813
20011117
20011029
20010406
19971210
19990524
20021127
20010324
20020606
20021002
20000722
20030314
20020228
20020914
20000327
20020604
20000904
20010722
20000222
20020722
20021112
20020523
20001110
19991009
20000929
20021203
20001001
20020414
20010603
20020625
20020116
20020221
20010310
20021009
20020913
20020817
20021014
20000618
20010418
20020521
20020422
20010902
20020928
20011227
20000817
20020610
20020203
20010827
20021115
20010429
20021213
20030127
20000604
20010128
20020307
20000712
20010915
20020316
20011228
20020818
20011008
20010712
20021029
20021029
20011022
20010728
20020120
20010813
20001202
20021014
20010411
20021002
20000824
20010602
20010217
20021025
20001225
20010828
20010702
20020411
20010716
20010415
20020120
20010302
20021109
20020825
20021115
20011016
20010905
20020410
20010115
20010726
20001012
20011013
20020810
20010412
20020416
20010626
20020117
20030425
20030105
20010327
20001103
20000918
20021222
20010917
20030407
20021223
20020902
20010920
20001011
20020223
20011106
20010716
20000401
20020925
20021016
20020127
20020828
20011008
20010308
20000226
20010415
20010903
20020215
20021127
20020719
20010719
20020624
20020116
20020416
20020827
20010603
20010507
20031005
20020908
20021108
20011018
20000410
20000812
20010104
20020916
20011219
20010311
20020305
20020922
20020610
20021226
20020227
20021117
20020606
20010928
20020711
20020209
20030317
20001006
20020327
20020320
20020531
20010524
20020726
20020317
20010622
20010609
20020409
20010519
20010416
20011215
20010812
20020101
20010820
20020908
20020902
20000602
20030125
20021123
20010714
20010723
20020207
20020705
20000316
20020411
20021012
20020703
20011006
20030117
20011224
20020225
20020202
20001001
20020629
20021124
20011105
20010509
20011013
20021212
20011123
20010203
20021121
20030211
20010211
20010313
20021016
19990813
20021122
20000307
20020730
20020121
20020120
20020917
20020917
20030114
20020920
20020625
20010811
20020306
20020902
20020522
20020613
20020605
20010905
20021110
20020326
20021218
20020830
20020619
20030301
20000323
20030503
20020108
20020614
20011217
20020704
20021002
20020923
20010707
20001015
19981115
20020515
20030711
20011214
20020408
20010423
20010523
20020424
20020603
20001013
20030829
20011020
20030602
20011105
20021126
20020620
20021010
20000221
20000719
20020416
20010324
20020713
20021019
20011216
20010425
20001222
20010614
20020727
20030315
20021118
20020427
20020203
20020605
19991027
20020218
20010218
20011007
20021128
20001204
20020920
20030426
20020724
20020414
20020826
20010820
20011123
20010711
20001030
20010713
20021220
20040928
20020305
20020517
20030108
20010715
20020401
20010124
20020223
20020520
20011004
20011215
20020822
20020520
20020103
20010402
20020307
20011219
19990222
20021223
20010208
20030216
20020111
20020126
20010822
20010616
20020315
20010114
20020815
20011011
20001009
20021111
20010824
20020129
20021105
20011223
20020816
20011012
20010820
19991003
20010801
20010908
20010328
20001026
20011228
20020326
20000206
20020314
20010427
20010917
20010520
20010815
20020524
20000923
20020228
20020312
20011223
20020928
20020329
20020417
20011024
20021018
20011218
20020507
20001128
20020910
20020514
20010822
20020306
20020312
20001010
19990916
20030713
20020104
20010405
20020524
20020517
20020529
19991230
20000518
20020302
20011008
20020813
20010101
20010419
20010817
20021008
20010309
19971026
20021226
20020425
20011111
20020207
20010617
20000309
20010104
20020801
20011112
20001007
20020914
20011102
20010411
20011205
20020125
20020602
20021229
20021223
20011216
19991121
20020612
20030901
20020725
20001003
20020425
20000611
20020702
20010818
20010322
20020629
20020105
20011107
20010426
20021218
20000919
20020820
20020724
20021116
20020725
20000117
20020201
20020219
20011116
20021120
20030212
20021230
20010920
20020728
20011116
20010601
20010816
20020118
20041206
20011014
20011224
19990106
20000823
20010209
20020226
20010919
20010420
20010911
20010914
20020906
20020824
20010924
20030506
20020412
20020418
20010401
20021021
20020920
20020607
20020607
20020214
20010128
20010713
20011207
20020529
20010317
20020204
20010510
20020616
20010907
20021216
20011014
20020923
20020714
20010708
20020804
19990418
20000804
20020629
20010129
20010212
20020219
20010413
20000216
20020729
20010113
20020213
20001021
20010609
20010210
20011125
20010419
20010203
20021106
20020607
20021206
20020423
20010423
20021116
20010727
20030217
20020608
20020319
20010913
20021205
20020605
20001203
20030216
20020307
20020512
20000805
20010903
20010204
20011118
20011027
20000401
20020617
20020213
20010618
20011228
20020914
20010827
20030428
19980914
20020521
20031024
20001227
20041014
20010521
20010501
20020826
20010504
20020924
20010110
20010810
20020120
20010728
20010301
20011018
20010726
20001119
20010420
20021211
20000608
20010706
19990205
20000102
20011209
20010608
20010318
20010726
20011020
20021213
20020414
20020821
20011215
20010729
20010629
20020125
20010716
20020722
20020119
20010521
20020516
20010303
19981027
20000918
20020606
20020724
20010314
20021206
20010309
20020716
20020607
20010920
20030818
20020118
20010108
20011022
20020616
20020321
20020606
19990925
20010912
20010308
20020125
20020210
20010715
20010712
20011028
20020224
20020728
20020507
20010326
20020205
20000912
20001010
20010216
20000519
20020104
20030102
20011109
20000814
20011015
20010715
20020220
20000101
20020401
20020214
20011103
19991016
20010201
20020107
20001120
20021025
20000524
20011125
20020420
20030217
20011112
20011028
20010725
20020216
20020216
20020105
20000601
20020815
20010206
20030303
20001204
20010925
20020320
20010428
20020420
20021021
20010921
20020912
20001110
20010130
20020208
20020201
20021216
20011124
20010718
20021117
20020626
20020614
20020828
20010822
20011220
20011121
20000220
20021002
20010921
20020213
20021209
20010715
20020711
20010408
20020319
20020203
20010217
20021224
20020608
19990910
20010926
20010204
20011020
20020202
20021202
20030103
19991230
20020210
20010918
20000603
20021206
20010628
20020820
20020419
19990201
20010617
20000809
20040526
20021014
20020710
20020201
20020712
20020116
20020215
20011220
20020315
20021201
20020406
20020830
20010908
20020308
20010919
20030527
20010908
20010311
20011215
20020806
20010609
20001211
20021016
20021113
20001105
20020906
20040911
20011016
20001120
20000416
20010103
20020519
20020108
19990801
20021220
20001016
20000102
20020103
20010406
20010122
20011115
20020628
20030131
20011024
20010703
20021129
20010724
20011116
20030406
20010126
20021215
20010219
20010808
20021025
20020810
20011122
20021212
20011002
20000315
20020817
20000324
20001107
20040416
20001223
20020326
20011216
20010616
20030408
20020215
20011106
20011112
20010618
20011105
20030312
20020114
20010127
20010212
20021026
20020701
20020618
20011214
20020220
20020415
20001007
20020620
20011213
20020905
20020204
20011015
20020315
20020420
20010829
20021231
20011127
20010809
20010906
20020312
20010926
20020111
20020424
20011126
20001223
20010531
20020406
20011225
20020624
20020923
20020304
20010306
20021120
20010808
20020119
20020304
20011110
20010201
20010828
19990303
20010728
20010528
20011005
20020216
20000114
20020321
20011205
20020726
20011020
20011216
20020322
20010108
20020922
20010923
20011020
20021129
20010710
20020129
20010414
20020204
20020910
20031208
20020121
20030208
20010912
20020620
20020827
20010411
20000216
19980726
20011219
20020404
20020129
20030129
20010405
20011015
20011206
20000913
20010612
20020429
20010830
20020310
20020119
20010727
20020925
20021203
20020302
20011105
20020823
20021026
20010429
20010327
20030109
20020902
20011024
20000728
20000401
20020202
20011023
20020617
20020204
20010320
20030116
20020429
20011031
20010807
20020112
20021003
20010816
20020505
20020810
20021116
20020926
20010918
20020422
20011026
20020130
19980701
20010412
20030827
20020419
20010318
20020427
20011111
20021031
20011212
20011029
20020201
20020613
20011106
20021127
20020828
20001015
20000219
20010620
20021210
20030523
20010317
20010221
20020729
20021109
20020719
20021016
20020401
20010114
20000313
20011120
20001223
20010708
20011229
20010802
20011012
20010419
20020606
20020426
20020305
20031127
20020208
20020818
20020318
20020202
20020918
20020617
20010424
20010724
20020527
20011209
20010903
20000601
20031108
20010726
20020325
20010601
20020311
20011122
20010603
20020125
20021106
20020802
20020113
20020428
20000701
20020628
20010731
20010712
20020815
20021126
20011020
20011209
20021201
20011115
20020427
20011216
20010108
20020610
20011127
20020523
20011018
20020910
20010828
20020703
20010412
20020217
20001205
20010914
20021229
20021110
20031011
20000327
20020320
20010629
20011128
20030430
20020309
20010818
20010925
20021129
20001015
20020307
20020312
20020730
20020427
20021018
20010222
20020905
20010514
20020207
20020916
20020206
20031207
20000909
20021008
20021102
20020120
20010814
20020725
20020604
20010402
20010916
20021106
20010318
20020424
20000413
20010129
20010425
20021113
20021108
20020130
20011201
20001004
20020501
20020116
20010317
20020223
20020404
20020725
20001025
20020316
20020227
20011012
20021008
20000728
20010909
20021026
20020504
20011022
20021019
20010815
20001223
20020503
20010321
20000924
20020927
20010518
20020115
20021029
20011207
20020815
20020102
20011202
20021025
20010111
20010405
20010613
20020725
20020514
20020715
20010921
20020901
20011002
20011029
20020506
20001223
20010101
20011003
20020823
20000914
20020705
19990527
20021218
20010719
20000722
20020630
20010518
20010824
20010305
20020101
20010908
20010823
20020303
20010114
20011116
20021112
20020425
20020309
20030203
20000603
20011126
20020807
20011124
20020624
20010903
20020407
20010826
20010318
20021228
20020326
19990925
20010706
20020307
20031001
20020903
20020218
20021111
20020614
20010112
20020128
20020423
20021121
20020106
20020709
20010529
20020929
20020724
20020602
20001202
20011204
20020523
20011019
20021002
20010121
20010720
20010929
20011126
19980404
20020415
20020503
20020524
20010903
20030220
20021024
20010310
20021001
20020223
20020910
20010220
20000303
20020101
20030501
20000415
20000821
20020325
20020813
20030518
20020515
20001118
20020211
20010428
20010430
20020208
20000502
20020509
20020214
20020308
20020428
20001230
20020617
20020504
20020724
20011218
20020809
20021212
20021222
20020408
20020420
20000904
20010823
20011011
20020405
20020215
20010826
20030423
20000710
20020805
20020202
20020512
20020106
20021017
20010415
20010301
20020303
20020317
20030111
20020605
20020503
20011129
20011110
19991016
20000818
20010526
20000919
20011224
20010120
20010124
20010509
20020305
20010710
20021105
20021216
20020804
20010323
20010816
20011003
20020515
20010603
20021017
20010717
20001216
20010922
19990827
20001101
20020420
20020123
20031112
20020823
20020716
20010614
20020223
20000809
20010316
20010414
20020323
20010710
20020423
20010421
19990612
20021105
20011211
20020410
20030417
20020919
20010203
20020915
20011029
20011004
20011103
20020715
20040224
20021109
20010613
20020201
20020131
20010726
20010611
20001127
20011116
20030123
20020919
20020614
20010802
20020704
20021028
20010407
20020222
20011203
20010320
20020125
20020806
20011007
20010413
20021026
20010623
20020606
20011109
20020321
20020508
20010207
20020226
20000802
20021204
20020925
20010912
20040304
20020126
20030103
20030412
20010823
20020520
20011225
20020318
20020408
20020713
20020326
20010807
20010516
20020210
20020910
20020316
20030109
20011014
20001103
20030321
20020621
20020514
20010704
20020126
20010323
20010519
20010828
20010326
20010928
20030629
20020626
20030212
20020601
20030113
20011023
20031023
20021103
20030522
20000313
20020207
20020123
20020312
20020610
20001121
20010304
20020921
20020423
20010225
20021120
20020929
20010430
20020101
20000817
20010827
20030321
20020702
20010430
20020109
20010921
20021206
20020318
20020403
20020624
20010221
20000405
20020102
20011122
20050311
20010916
20020704
20010903
20011126
20011026
20000816
20020721
20020107
20010509
20030220
20000930
20010424
20020708
20051016
19991210
20021015
20020203
20010726
20010329
20011221
20011012
20011226
20010829
20000223
20020424
20020620
19990929
20020826
20011012
20011023
20010213
20020924
20001110
20020228
20030618
20000806
20010518
20020301
20010202
20011220
20010926
20020302
20020211
20020818
20010710
20020319
20030208
20010703
20021110
20020108
20011216
20020208
20011021
20011119
20011103
20020525
20010619
20010705
20020428
20010106
20021111
20010808
20010206
20021108
20011226
20020903
20020217
19980928
20020507
20010507
20020105
20011001
20030414
20020913
20020808
20010809
20011226
20020510
20011122
20020522
20020909
20021109
20021207
20020731
20020815
20020417
20020208
20020215
20020215
20021231
20001105
20020815
20020317
20010915
20020709
20011212
20020712
20010201
20021217
20010801
20010208
20020328
20020725
20021006
19991128
20021220
20011008
20010328
20030728
20020328
20001226
20011013
20020429
20020627
20020718
20030301
20020612
19991220
20021124
20011016
20010421
20020512
20020120
20010912
20000811
20010610
19991018
20020318
20020311
20020724
20010809
20010426
20010102
20020114
20000501
20011120
20020411
20001020
19990507
20001204
19990106
20020312
20030809
20020408
20020923
20001005
20021105
20010717
20011027
20020802
20020718
20020629
20020928
20021027
20011225
20010914
20020407
20010820
20030101
20020916
20021026
20010509
20020621
20001121
20030103
20020215
20011215
20010225
20020727
20010803
19991212
20011219
20011001
20020111
20020104
20020728
20000602
20020725
20021027
20020322
20020213
20020508
20021123
20020227
20010305
20020126
20020606
20010630
20020811
20000916
20020510
20020925
20020321
20010307
20010824
20010328
20010209
20020920
20010606
20020512
20001224
20020210
20010916
20030102
20010501
20000827
20020215
20020526
20021112
20021220
20020202
20011029
20020203
20020819
20011004
20021026
20010901
20020801
20021119
20020916
20011223
19991013
20011226
20000229
20030215
20010723
20020228
20010103
20020416
20020313
20010312
20020704
20020316
20020722
20020803
20021127
20011005
20020426
20001009
20010827
20010101
20010520
20010914
20001027
20020224
20020615
20020928
20010223
20000224
20011224
20010918
20021001
20001102
20020731
19990304
20010331
20000427
20021019
20021108
20010316
20020928
20030315
20020720
20021101
20021031
20030625
20010522
20010519
20001111
20020928
20020923
20010619
20020426
20020206
20000716
20020316
20020918
20010918
20020909
20020818
20020905
20030128
20020816
20020818
20011114
20000508
20010924
20020610
20010718
20010827
20010818
20010910
20020601
19991030
20011116
20020717
20011020
20010607
20011108
20010109
20010612
20020706
20020725
20020910
20020109
20021008
20020808
20020831
20021128
20000114
20030109
20010510
20011002
20020228
20000824
20021007
20010105
20001019
20011104
20010911
20021201
20020908
20020520
20020428
20010316
20011230
20010324
20020308
20020427
20020804
20020302
20020226
19990802
20000918
20010910
20020803
20030101
20020425
20020207
20010809
20010717
20011220
20020129
20010911
20010210
20020629
20000807
20010504
20020309
20011113
20030304
20030301
20011117
20010528
20020818
20020928
20000518
20000823
20020328
20020211
20021120
20020808
20021115
20010917
20010222
20021125
20021203
20001030
20020512
20000314
20020321
20010411
20020725
20030607
20010513
20020705
20021221
20010617
20000614
20010314
20020214
20020428
20010828
20010123
20020110
20020530
20020104
20011226
20021013
20010219
20031005
20011001
20020401
20010808
20030227
20020802
20010128
20021013
20010513
20020318
20011227
20011027
20010204
20020116
20020319
20001206
20011112
20020127
20021026
20011107
20020524
20030728
20020507
20020504
20031228
20020630
20011024
20030220
20010924
20020619
20011021
20020801
20000709
20020304
20020317
20010921
20011118
20011229
19990925
20011205
20010929
20020424
20020314
20000504
20021009
20020601
20020816
20010910
20020817
20020201
20030105
20010818
20020606
20010406
20020926
20020628
20010224
20000809
20021204
20000104
19991005
20001228
20020119
20010429
20010402
20010220
20020829
20010411
20011224
20011219
20010405
20010308
20000421
20010430
20020829
19990103
20000608
20010212
20020621
20020809
20030516
20010819
20020916
20011020
20020601
20010414
20010115
20031016
20020608
20010509
20010718
20020728
20020723
20010717
20011017
20020328
20011201
20021102
20020112
20020928
19991117
20020226
20011120
20010908
20010402
20020701
20021007
20020401
20020506
20021006
20010418
20001105
19990624
20010608
20001120
20020426
20011122
20020418
20021104
20000201
20020828
20020315
20020316
20010905
20020406
20020103
20020705
20001026
20031002
20011208
20011113
20000707
20020529
20010303
20030410
20000308
20010613
20021012
20011103
20010107
20011221
20030625
20020910
20021005
20010706
20020329
20021213
20010921
20020115
20021120
20020626
20010125
20000323
20031012
20010923
20001220
20010701
19991123
20020323
20020415
20010701
20020730
20021128
20000315
20021104
20020813
20020120
20010206
20030703
20020308
20011023
20011127
20010418
20020410
20010818
20010919
20020419
20021114
20010701
20020511
20010921
20020602
20020215
20020217
20010207
20020430
20021202
20030911
20000220
20010219
19970408
20010706
20021110
20000831
20020213
20010504
20011016
20001105
20010827
20020604
20020511
20020115
20020515
20010827
20000212
20011204
20020415
20020910
20011112
20011129
20020907
20020416
20011223
20020924
20020528
20021003
20010208
20020909
20020901
20020711
20010601
20010918
20020118
19991112
20020714
20030104
20021107
20020306
20010501
20010102
20020218
20011225
20020125
20010609
20020124
20020731
20010702
20001121
20010510
20020223
20030226
20010610
20010807
20030110
20020803
20001106
20020626
20020704
20020523
20011226
20020102
20010609
20010126
20010301
20000828
20011125
20010108
20020325
20020209
20020106
20020103
20020929
20021008
20010918
20020804
20000619
20010920
20020131
20020822
20010514
20010428
20020109
20020317
20000925
20020607
20020506
20011011
20000321
20030504
20021005
20000212
20011001
20010727
20010920
20011128
20021004
20001019
20010911
20021203
20020912
20020417
20011216
20020216
20020814
20020901
20020924
20010504
20010709
20020415
20030116
20010828
20020604
20020113
20000419
20010916
20030512
20010328
20000103
20010921
20020807
20011016
20010908
20010824
20010224
20031227
20010328
20020220
20021016
20010818
20020313
20000228
20001219
20001225
20020725
20010225
20010523
20011008
20020718
20020625
20010103
20000817
20010823
20020507
20020320
20000925
20001114
20020226
20020201
20030316
20011215
20020924
20011031
20030828
20000707
20021027
20021222
20010914
20011215
19991225
20010606
20020227
20020524
20010110
20010911
20010909
20010908
20020814
20000616
20011108
20020503
20011217
20010707
20010128
20011228
20020218
20020125
20010219
20010811
20020207
20020428
20030618
20020324
20020316
20021102
20020710
20030412
20010127
20011011
20010406
20011021
20021025
20020409
20020508
20010209
20021116
20021101
20010420
20000514
20020120
20020614
20021020
20020307
20011020
20021108
20011214
20010301
20030328
20011114
20011221
20011007
20011225
20020710
20011224
20020526
20020719
20030415
20010412
20010924
20010917
20020706
20000806
19990917
20030125
20020103
20010209
20010720
20010826
20030119
20010707
20020122
20020608
20020911
20010412
20001001
20010709
20020627
20010215
20020308
20011222
20010607
20011114
20010901
20030410
20020712
20010706
20020410
20011015
20020520
20011126
20001027
20011026
20010119
20001102
20001114
20010709
20021008
20010703
20020827
20021104
20020719
20010405
20020611
20010831
20020115
20021017
20020108
20010927
20010124
20010827
20011215
20001124
20010402
20010628
20030114
20030302
20020124
20021021
20020103
20021006
20020219
20011203
20010612
20020410
20021108
20020218
20020821
20020828
20020926
20021019
20010512
20010828
20010824
20011228
20020522
20010501
20011003
20020228
20020319
20010301
20020103
20010113
20010126
20020703
20020724
20011023
20011029
20020218
20020422
20021016
20021106
20021013
20020527
20020511
20020116
20020612
20001013
20010603
20020208
20010709
20010702
20020916
20011127
20021201
20020713
20000128
20010309
20011228
20020327
20010728
20020527
20011212
20021221
20020310
20021225
20010703
20011007
20040202
20020928
20030524
20010822
20010801
20010510
20020911
19990916
20020619
20020620
20010101
20010925
20020427
20011030
20020612
20010715
20010914
20020712
20021212
20010822
20000408
20000920
20011119
20020804
20020101
20030111
20010618
20010918
20010902
20010417
20011008
20010503
20011119
20011224
20020808
20011225
20020819
20001019
20001121
20021102
20010914
20010219
20001209
20020303
20020218
20030920
20020825
20021228
20020520
20010314
20020620
20010410
20011122
20001024
20011228
20010416
20010815
20010522
20001103
20010408
20010902
20011129
20011127
20000920
20010509
20020928
20010322
20011104
20000820
20001202
20010213
20011128
20020815
20011004
20010530
20020308
20010327
20020823
20021002
20020328
20010520
20021106
20010807
20000618
20020106
20010922
20000910
20021220
20020719
20020906
20010716
20011221
20011217
20020828
20010915
20001014
20010618
19990310
20020518
20020630
20020402
20030225
20010416
20020918
20020402
20010501
20010116
20020913
20020518
20010519
20010209
20020425
20020618
20010316
20020815
20011002
20020613
20021014
20020222
20010829
20020907
20010710
20020828
20020521
20020121
20020216
20011215
20020815
20020328
20020226
20020921
20021104
20020520
20010407
20030226
20000416
20020316
20020303
19991027
20020104
20010423
20020324
20020514
20010907
20010910
20020102
20001012
20010415
20020102
20010806
20020621
20001117
20010627
20021004
20020520
20010418
20010928
20000815
20020420
20020517
20020505
20020315
20020609
20001106
20020102
20021009
20010702
20020402
20020213
20011022
20011003
20010709
20011225
20001112
20021211
20020609
20020515
20020316
20020526
20010923
20021216
20020918
20020616
20001120
20010207
20010901
20020413
20020318
20010425
20011017
20011006
20001104
20010806
20010827
20020807
20001128
20021102
20020102
20020110
20010803
20020106
20021129
20010304
20020325
20020108
20010512
20010501
20011214
20020820
20010830
20020918
20010421
20010324
20011020
20020709
20020303
20020129
20020310
19990704
20020202
20021220
20020419
19990607
20010907
20020728
20020628
20001118
20011103
20001229
20020529
20020417
20011106
20010928
20020423
20020504
20030720
20001023
20010814
20010209
20021231
20010404
20020926
20021207
20011029
20030210
20020310
20020618
20020606
20010212
20011114
20010208
20011015
20020918
20011226
20011016
20011122
20010626
20020908
20011229
20020630
20020104
20020412
20020601
20010422
20020913
20010228
20020201
20030526
20010717
20001020
20011102
20000718
20020117
20020112
20010130
20021202
20020208
20001128
20010323
20020304
20020307
20020217
20000912
20020104
20020923
20020816
20010324
20030114
20010406
20011214
20020114
20010901
20010714
20020825
20010912
20020512
20030205
20020131
20010728
20010919
20000228
20011018
20011212
20011202
20011102
20010829
20011217
20010216
19991015
20020411
20010701
20020219
20021008
20021118
20020911
20000716
20010218
20011020
20030312
20021029
20021125
20020828
20021122
20010723
20030926
20010811
20010901
20010307
20011010
20030302
20011004
20030603
20010202
20010926
20000916
20011116
20021116
20010822
20020126
20021114
20010312
20011230
20010425
20011118
20001016
20010510
20020504
20011119
20020716
20020117
20020710
20010902
20020517
20001109
20020722
20030127
20020905
20021011
20010423
20020807
20020824
20020313
20020626
20020707
20010702
20020518
20010920
20000123
20020502
20020731
20020324
20020516
20020609
20020118
20020101
20020626
19990424
20031112
20021111
20020607
20010618
20020317
20010716
20011101
20010308
20010112
20020205
20020130
20010427
20010528
20020208
20020221
20021115
20000124
20010605
20000113
20020509
20010621
20020429
20020122
20010527
20010412
20011211
20000125
20010610
20011029
20010101
20010902
20011231
20020319
20001103
20010908
20030916
20010318
20020921
20020422
20011222
20020224
20010809
20021129
20020602
20011014
20020408
20010823
20021210
20010418
20010918
20020917
20001204
20011126
20020606
20020219
20030402
20000820
20010924
20011010
20010627
20010306
20020928
20020822
20020309
20011124
20011119
20010703
20010430
20020523
20020113
20020826
20030526
20011111
20020515
20020621
20030305
20010110
20020725
20020628
20020601
20020729
20010816
20020901
20020309
20020112
20020421
20011105
20010918
20011005
20011213
20020411
20010923
20000119
20010417
20011227
20021016
20020404
20000129
20020913
20020617
20020922
20020113
20001015
20010925
20020220
20020520
20010905
20020626
20011216
20020515
20020320
20020220
20000919
20010309
20020407
20010325
20020419
20011106
20021030
20000908
20011010
20021128
20001119
20010701
20020220
20000204
20011119
20010512
20020523
20010131
20010418
20020519
20010921
20020310
20020807
20020228
20020511
20001102
20020227
20020805
20010402
20020903
20021210
20010213
20010907
20020213
20011222
20011214
20010202
20011108
20030226
20020616
20010930
20011120
20020524
20010216
20011126
20010224
20010613
20010221
20020310
20020925
20020628
20011113
20010214
20021019
20020206
20010606
20020220
20020101
20020315
20020116
20000520
20020118
20020629
20020202
20020108
20010217
20020517
20011212
20021125
20010510
20010708
20020221
20010429
20020928
20020118
20020729
20020228
20020220
20011019
20020414
20010720
20010123
20011219
20020529
20020212
20010706
20010924
20021204
20020519
20020105
20020706
20011223
20020730
20010918
20011023
20020922
20020117
20010601
20020604
20010616
20020727
20020314
20040112
20020222
20020709
20020609
20011114
20011015
20020329
20020408
20011113
20040204
20020207
20011122
20001118
20020211
20020713
20010729
19991203
20030507
20021031
20011228
20011004
20030303
20010926
20011018
20030101
20001225
20000823
20020328
20011113
20010407
20020805
20011221
20010909
20010626
20010305
20011210
20000807
20021210
20011005
20001223
20011008
20010206
20020610
20030117
20000620
20000723
20010522
20011024
20011220
20011223
20011017
20010226
20011130
20011010
20010530
20001102
20020609
20021104
20030514
20020901
20001023
20010415
20000410
20020504
20020702
20010913
20000205
20010805
20020725
20001120
20021204
20020311
20020201
20001126
20000510
20010515
20021009
20020810
20020703
20010309
20000923
20021102
20000609
20010415
20010406
20010828
20000723
20011105
20010720
20021228
20020903
20021026
20010909
20000923
20020110
20010224
20020118
20030102
20020116
20010628
20010103
20011028
20011023
20010505
20030201
20011229
20021001
20030201
20010920
20011121
20010815
20011225
20030120
20000501
20020425
20010525
20000926
20011122
20010604
20010302
20021028
20021031
20020402
20010628
20020427
20010906
20030419
20011003
20010228
20010420
20020903
20021103
20020327
20010619
20020326
20000204
19991118
20020829
20020827
20010421
20020213
20020202
20020731
20030617
20010920
20020216
20011201
20020523
20020509
20020722
20011122
20030406
20010118
20021013
20000116
20010121
20020406
20020427
20010921
20011102
20021007
20021001
20020412
20020628
20010903
20020910
20020819
20020130
20020321
20011011
20011101
20020326
20021106
20010428
20010527
20020507
20010414
20020929
20011008
20000209
20010709
20010806
20021128
20000113
20020917
20001007
20020316
20020409
20010818
20010221
20020909
20010827
20000518
20020521
20010511
20010624
20020702
20001103
20021109
20020208
20011208
20000317
20020424
20010415
20011111
20011008
20021024
20000921
20001008
20020410
20011205
20011126
20020709
20010825
20020401
20001106
20020222
20000220
20020916
20021111
20000518
20010924
20020226
20020903
20020811
20010704
20010207
20020114
20010518
20010424
19980705
20010305
20030216
20021027
20011215
20010314
20020813
20021226
20010410
20020513
20011110
20020926
20010309
20020720
20010718
20021017
20010123
20030520
20010624
20021109
20000113
20020919
20010303
20020911
20010414
20020803
20020120
20000315
20011226
20011129
20011228
20010805
20021002
19980302
20010624
20021110
20021109
20001126
20010716
20001213
20010906
20011212
20010601
20011108
20000710
20021114
20020220
20011115
20010525
20010809
20001018
20010531
20010607
20020610
20020516
20010620
20020803
20020222
20010303
20020329
20010816
20020116
20020507
20011108
20020726
20010219
20020316
20000523
20020412
20021107
20010811
20010802
20030126
20000817
20020616
20011024
20020823
19991230
20000711
20020706
20020716
20011127
20010621
20010909
20010923
20000826
20010408
20001026
20010123
20020601
20020130
20010628
20020304
20001206
20020804
20010315
20010809
20010818
20021103
20000916
20010123
20020201
20011225
20010914
20010219
20020916
20020110
20010406
20011228
20020911
20001026
20020803
20020404
20010827
20011003
20020223
20030315
20020527
20010909
20010713
20010808
20011001
20020621
20010616
20010120
20010726
20020515
20020704
20011210
20010322
20020918
20010916
20000531
20011206
20020428
20001220
20021103
20020805
20030207
20030304
20020623
19991116
20010411
20020414
20021001
20011217
20020521
20020105
20010523
20020914
20020915
20010329
20010902
20010522
20021217
20010428
20011103
20010212
20020304
20021013
20020925
20021128
20020504
20020409
20010920
20010629
20010921
20020215
20010910
20010422
20001016
20030112
20001112
20020808
20020311
20020112
20010502
20020609
20020322
20010519
20020926
20011012
20020801
20010101
20000807
20021030
20020307
20021015
20011011
20010216
20010819
20001214
20020212
20010814
20021228
20021106
20010228
20000203
20020901
20000602
20031230
20020906
20010304
20000317
20020320
20010516
20011213
20020618
20020114
20010611
20001021
20001220
20020314
20020829
20020713
20010426
20010518
20020526
20010902
20001025
20021120
20021112
20010418
20010319
20020601
20010120
20020502
20000921
20040103
20001126
20020323
20020905
20001103
20020922
20020203
20020914
20031103
20020516
20000104
20020815
20031101
20020208
20010110
20020209
20010315
20030901
20011226
20020908
20010202
19990214
20020705
20030102
20001008
20010120
20011028
20020310
20010810
20010224
20000629
20020120
20010703
20020101
20010216
20020705
20020520
20000408
20000520
20001013
20010320
20020714
20010615
20011009
20020117
20030919
20020910
20020816
20020826
20011001
20011013
20020918
20010224
20020306
20010831
19980609
20020701
20020504
20000508
20020509
20020213
20020603
20011006
20010926
20010220
20010505
20011021
20010401
20011220
20020811
20010110
20020619
20020318
20020705
20010216
20011109
20010110
20011019
20010411
20001114
20020624
20020803
20011228
20011106
20000726
20020103
20011110
20030102
20010101
20010206
20020726
20030225
20020602
20020113
20021113
20020924
20030126
20020305
20020928
20011002
20020409
20000621
20020515
20021120
20020205
20030111
20020503
20010531
20020501
20010916
20001012
20000506
20010523
20021117
20010417
20021008
20010106
20011127
20010921
20020322
20020706
20010302
20020118
20030906
20020205
20021219
20020915
20011202
20010202
20020110
20020614
20020830
20010419
20011130
20020430
20010921
20010527
20021223
20020412
19990626
20010820
20030101
20020425
20020601
20001010
20020629
20020727
20021214
20010403
20030620
20030413
20011225
20020213
20001010
20010902
20010912
20010216
20011030
20021005
20020627
20020926
20011118
20011111
20020921
20020927
20021128
20000612
20020412
20020223
20030116
20010407
20020118
20010924
20010625
20001128
20020909
20011011
20021027
20010411
20001106
20030107
20010909
20020523
20020605
20010709
20010429
20010825
20020416
20020709
20001129
20020614
20020729
20011030
20020702
20000408
20000223
20020423
20020610
20020508
19980528
20020708
20000727
20011012
20011112
20011202
20011028
20000925
20020301
20010210
20020812
20020419
20020929
20031112
20020418
20021001
20020605
20010116
20010806
20020326
20000514
20000704
20000406
20020411
20020301
20020916
20010901
20010912
19990713
20020328
20000808
20010620
20020721
20020123
20020308
20011028
20010827
20011119
20020909
20020604
20020826
20010602
20010723
20010822
20020227
20011115
20021212
20010412
20011019
20020612
20010727
20020416
20010406
20010320
20020627
20010426
20020729
20010819
20010726
20011229
20021201
20020116
20001024
20020306
20000106
20001229
20010912
20020602
20020726
20020209
20000610
20020506
20020721
20000912
20030501
20011213
20000116
20010905
20020320
20010119
20020814
20000504
20040701
20020920
20001010
20021114
20010315
20010213
20020214
20010801
20010522
20010524
20011018
20010410
20010510
20020831
20020508
20020723
20020214
20021020
20000225
20030213
20011005
20010212
20010908
20010410
20001208
20011220
20021015
19990310
20030313
20010901
20020408
20010710
20010225
20001127
20020205
20010810
20001206
20020321
20001224
20020409
20000926
20020828
20020205
20020116
20020411
20010203
20030408
20011118
20030208
20001206
20020429
20011221
20020205
20011219
20020831
20020902
20020921
20020512
20020614
20030123
20010520
20021025
20011109
20010403
20010829
20020215
20000916
20021118
20020220
20020126
20010706
20020413
20020917
20011006
20021002
20000422
20030107
20030328
20010107
20011110
20020228
20020812
20020309
20000819
20010306
20011117
20010821
20020906
20010505
20020314
20010326
20000717
20020403
20010908
20030208
20020415
20020829
20010616
20020703
20020725
20020323
20021001
20020310
20000924
20010517
20010413
20011124
20010606
20020308
20020606
20020511
20020217
20000512
20010725
20000107
20011118
20021019
20000324
20020522
20020712
20020803
20011113
20021229
20020108
20020428
20020219
20011121
20020925
20001108
20011203
20020116
20010721
20020920
20010714
20011227
20011204
19990724
20020202
20010206
20020616
20021210
20020407
20011028
20020615
20021228
20020924
20020929
20010425
20010505
20020824
20010703
20020918
20010108
20000202
20011008
20011210
20010721
20020321
20020524
20020719
20030306
20010803
20011119
20020916
20020306
20021022
20011209
20021020
20010708
20020815
20020605
20020209
20020913
20020902
20020611
20020513
20011204
20020314
20030801
20020610
20020919
20020204
20000429
20011013
20030405
20010605
20011220
20010215
20011202
20020210
20020714
20021020
20010905
20020924
20010617
20021202
20020928
20020108
20020112
20020119
20010606
20030709
20020930
20021017
20030103
20021107
20020101
20000607
20020924
20020403
20030315
20020519
20020205
20011124
20011104
20011106
20020315
20001128
20011203
20011023
20020925
20020116
20020303
20020907
20020513
20020722
20030117
20020524
20020820
20020518
20010408
20011207
20020929
20010917
20001015
20011130
20020729
20010224
20000401
20030317
20020916
20021018
20000206
20000426
20021001
20011226
20011017
20011105
20010927
20020719
20020729
20000410
20001205
20010909
20020404
20011104
20020729
20021113
20010525
20020806
20011010
20020210
20021108
20000616
20020822
20021116
20010323
20011007
20020821
20010530
20010421
20011005
20030506
20011117
20020823
20021002
20020725
20011004
20020327
20020127
20010118
20021224
20010318
20010308
20021217
20020410
20011001
20010913
20011125
20011225
20020920
20020403
19991016
20020516
20020408
20020112
20011124
20011202
20000413
20020826
20020228
20011112
20011002
20021216
20020413
20021007
20020402
20020330
20001019
20020911
20021007
20010419
20001222
20010405
20010521
20020709
20020518
20030918
20020206
20021109
20010925
20020408
20010902
20010909
20010818
20011010
20020725
20020920
19991125
20021129
20020513
20020617
20010824
20011215
20021020
20010510
20011228
19990429
20021028
20020126
20020730
20010725
20010627
20020107
20011216
20020310
20000901
20020917
20001111
20011213
20020115
20020122
20011203
20011217
20010908
20021114
20001019
20010920
20010313
20020201
20020412
20000326
20010908
20011119
20010929
20020708
20000806
20011106
20020814
20020119
20011217
20020719
20020902
20020510
20020723
20020315
20021204
20020120
20010531
20011217
20000904
20000910
20001010
20011224
20020627
20021023
20010904
20020129
20010919
20010220
20010221
20021017
20020822
19980917
20011026
20020309
20010527
20020507
20020909
20010817
20021001
20010908
20020212
20040603
20020313
20020711
20010814
20020318
20021210
20020527
20020413
20010508
20020619
20030221
20010628
20020127
20010511
20011208
20000515
20020108
20011220
20011214
20021128
20021003
20011007
19990405
20020924
20020425
20010303
20020714
20011023
20021008
20011223
20020705
20011008
20020313
19990423
19990313
20000609
20020419
20020103
20010910
20020721
20021019
20020505
20021119
20011107
20020614
20030910
20010205
20011017
20010908
20020410
20011030
20020203
20020714
20020709
20010111
20010907
20030619
20010101
20010825
20000813
20020523
20020424
20020808
20011012
20011222
20010106
20020925
20020528
20010315
20020520
20010530
20010828
20011027
20020920
20010212
20010520
20020920
20030429
20020301
20020506
20021225
20020806
20010326
20011212
20021020
20030114
20020307
20010920
20010608
20021017
20020815
19991115
20000302
